14 5 2002
20 8 125970
26 16 5311735
21 7 116280
29 17 51895935
18 2 153
10 9 10
1 0 1
20 2 190
11 2 55
3 1 3
22 6 74613
22 13 497420
30 5 142506
6 4 15
14 0 1
11 1 11
23 4 8855
6 6 1
3 3 1
29 20 10015005
2 2 1
16 8 12870
8 3 56
30 16 145422675
23 8 490314
17 7 19448
27 22 80730
21 7 116280
22 17 26334
5 5 1
19 0 1
11 7 330
29 17 51895935
18 5 8568
13 6 1716
29 2 406
14 9 2002
20 12 125970
6 6 1
25 23 300
10 0 1
24 13 2496144
9 3 84
10 5 252
25 21 12650
22 11 705432
2 2 1
18 0 1
15 13 105
15 0 1
8 0 1
20 10 184756
15 3 455
3 1 3
8 0 1
17 6 12376
13 11 78
3 3 1
24 11 2496144
25 16 2042975
10 0 1
0 0 1
24 1 24
22 16 74613
26 11 7726160
22 0 1
9 9 1
0 0 1
27 12 17383860
2 0 1
3 1 3
15 11 1365
28 25 3276
15 9 5005
22 16 74613
27 16 13037895
8 8 1
12 2 66
20 20 1
20 8 125970
16 8 12870
9 9 1
12 9 220
5 1 5
21 5 20349
6 5 6
12 6 924
9 3 84
25 9 2042975
16 3 560
25 17 1081575
12 2 66
26 15 7726160
25 6 177100
28 21 1184040
14 14 1
24 3 2024
5 0 1
29 10 20030010
